-6.125 3.53125
2 2 1 1.8 255 255 82 255
9
-9.28125 7.75 1 3.4 Assets/bricks_top.png 0 255 0 255 0 1 0
-9.03125 3.28125 1 3.4 Assets/bricks_top.png 0 255 0 255 0 1 0
-9.1875 -2.09375 1 3.4 Assets/bricks_top.png 0 255 0 255 0 1 0
-6.1875 -3.34375 3 1 Assets/bricks_top.png 255 255 255 255 0 1 0
-1.15625 -3.375 3 1 Assets/bricks_top.png 255 255 255 255 0 1 0
3.5 -3.40625 3 1 Assets/bricks_top.png 255 255 255 255 0 1 0
-6.25 7.96875 3 1 Assets/bricks_top.png 255 255 255 255 0 1 -0.72
-2.53125 4.875 3 1 Assets/bricks_top.png 255 255 114 255 0 1 -0.72
2.53125 0.15625 3 1 Assets/bricks_top.png 255 255 114 255 0 1 -0.72
3
255 255 255 255 -5.71875 9.71875 5
0 255 0 255 -1.40625 5.8125 5
255 0 0 255 3.5 1.0625 8.5
